Кувшинка_Белая
2 1 2 2 2 3 1 2
Подсолнечник_Однолетний
1 1 2 1 1 3 2 1
Земляника_Лесная
2 1 2 2 2 2 2 2
Донник_Белый
1 1 2 1 1 1 2 1
Мята
2 1 2 1 2 1 2 2
Миндаль_Обыкновенный
1 1 2 1 2 1 1 2
Подорожник_Большой
2 1 1 2 2 1 2 2
Болиголов_Пятнистый
1 1 2 1 2 3 2 1
Аглаонема
1 1 2 3 2 1 2 2
Авран_Лекарственный
1 1 2 3 2 3 2 2
Женьшень
2 1 2 1 1 3 2 2
Роза_Плетистая
2 1 1 1 1 3 2 2
Клевер_Ползучий
1 1 1 1 2 3 2 2
Пион_Мунстоун
1 1 1 1 2 3 2 1
Виноград_Кодрянка
1 1 1 1 2 1 2 1
Марьянник_Дубравный 
2 1 1 1 2 3 2 1
Платан_Кленолистный
2 1 2 1 1 2 1 1
Иланг-Иланг
1 1 2 1 1 1 2 2
Кувшинка_Белоснежная
2 1 2 1 2 3 2 2
Ива_Белая
2 1 2 1 2 3 2 1